Name	Date	B	B Error	V	V Error	R	R Error	I	I Error	RadioFlux	RadioFlux Error	RadioFreq
3C 454.3	2008-04-20 12:23:02.400	0	0	0	0	15.484	0.018	0	0	8957.0	287.0	8.0
3C 454.3	2008-05-08 12:00:00.000	0	0	0	0	15.313	0.01	0	0	8740.0	14.0	8.0
3C 454.3	2008-05-21 12:00:00.000	0	0	0	0	14.85	0.01	0	0	8721.0	12.0	8.0
3C 454.3	2008-06-03 11:55:55.488	0	0	0	0	14.715	0.01	0	0	9430.0	70.0	8.0
3C 454.3	2008-06-23 08:26:52.800	0	0	0	0	14.714	0.018	0	0	9399.0	288.0	8.0
3C 454.3	2008-06-26 12:00:00.000	0	0	0	0	15.011	0.02	0	0	9073.0	22.0	8.0
3C 454.3	2008-07-02 09:13:44.256	0	0	0	0	14.565	0.018	0	0	9830.0	50.0	8.0
3C 454.3	2008-07-06 02:42:43.200	0	0	0	0	14.306	0.017	0	0	9571.0	294.0	8.0
3C 454.3	2008-07-14 12:00:00.000	0	0	0	0	13.473	0.021	0	0	9234.0	24.0	8.0
3C 454.3	2008-07-20 02:08:09.600	0	0	0	0	14.002	0.019	0	0	9723.0	320.0	8.0
3C 454.3	2008-07-28 12:00:00.000	0	0	0	0	14.403	0.01	0	0	9437.0	15.0	8.0
3C 454.3	2008-07-31 07:05:20.832	0	0	0	0	14.448	0.011	0	0	9870.0	120.0	8.0
3C 454.3	2008-08-05 07:35:09.312	0	0	0	0	14.369	0.032	0	0	10610.0	130.0	8.0
3C 454.3	2008-08-09 12:00:00.000	0	0	0	0	14.644	0.01	0	0	9493.0	17.0	8.0
3C 454.3	2008-08-22 05:37:44.256	0	0	0	0	14.601	0.01	0	0	9440.0	220.0	8.0
3C 454.3	2008-08-26 06:10:22.944	0	0	0	0	14.671	0.015	0	0	10330.0	50.0	8.0
3C 454.3	2008-08-27 12:00:00.000	0	0	0	0	14.676	0.01	0	0	9818.0	25.0	8.0
3C 454.3	2008-09-10 04:48:06.912	0	0	0	0	14.56	0.01	0	0	10270.0	170.0	8.0
3C 454.3	2008-09-12 04:25:30.432	0	0	0	0	14.489	0.01	0	0	10270.0	130.0	8.0
3C 454.3	2008-09-13 23:18:14.400	0	0	0	0	14.269	0.016	0	0	10467.0	759.0	8.0
3C 454.3	2008-09-28 04:14:34.656	0	0	0	0	14.959	0.032	0	0	10910.0	70.0	8.0
3C 454.3	2008-10-02 12:00:00.000	0	0	0	0	14.838	0.032	0	0	10288.0	18.0	8.0
3C 454.3	2008-10-10 03:27:14.688	0	0	0	0	14.665	0.01	0	0	10710.0	130.0	8.0
3C 454.3	2008-10-12 04:26:30.912	0	0	0	0	14.878	0.01	0	0	10490.0	80.0	8.0
3C 454.3	2008-10-14 02:57:46.944	0	0	0	0	14.878	0.01	0	0	11190.0	70.0	8.0
3C 454.3	2008-10-18 12:00:00.000	0	0	0	0	15.237	0.01	0	0	10100.0	29.0	8.0
3C 454.3	2008-10-31 03:15:50.400	0	0	0	0	15.596	0.01	0	0	10530.0	110.0	8.0
3C 454.3	2008-11-02 01:16:52.032	0	0	0	0	15.777	0.034	0	0	10350.0	210.0	8.0
3C 454.3	2008-11-03 01:56:56.544	0	0	0	0	15.723	0.033	0	0	10130.0	190.0	8.0
3C 454.3	2008-11-07 18:47:31.200	0	0	0	0	15.582	0.02	0	0	10781.0	274.0	8.0
3C 454.3	2008-11-24 12:00:00.000	0	0	0	0	15.697	0.013	0	0	10305.0	24.0	8.0
3C 454.3	2008-11-28 00:12:50.688	0	0	0	0	15.799	0.01	0	0	11030.0	70.0	8.0
3C 454.3	2008-12-07 23:00:14.400	0	0	0	0	15.93	0.01	0	0	10540.0	70.0	8.0
3C 454.3	2008-12-28 12:00:00.000	0	0	0	0	15.943	0.013	0	0	10259.0	27.0	8.0
3C 454.3	2009-01-12 12:00:00.000	0	0	0	0	15.724	0.01	0	0	10162.0	24.0	8.0
3C 454.3	2009-04-23 12:00:00.000	0	0	0	0	15.793	0.013	0	0	9016.0	15.0	8.0
3C 454.3	2009-04-30 09:30:14.400	0	0	0	0	15.693	0.01	0	0	9265.0	368.0	8.0
3C 454.3	2009-05-19 12:00:28.512	0	0	0	0	15.291	0.015	0	0	9870.0	120.0	8.0
3C 454.3	2009-05-20 12:23:35.232	0	0	0	0	15.291	0.015	0	0	9760.0	80.0	8.0
3C 454.3	2009-05-29 12:00:00.000	0	0	0	0	15.617	0.01	0	0	8626.0	81.0	8.0
3C 454.3	2009-06-13 10:11:27.168	0	0	0	0	15.744	0.011	0	0	9430.0	60.0	8.0
3C 454.3	2009-06-14 10:40:22.944	0	0	0	0	15.732	0.021	0	0	9380.0	50.0	8.0
3C 454.3	2009-06-16 12:00:00.000	0	0	0	0	15.486	0.023	0	0	8416.0	37.0	8.0
3C 454.3	2009-06-22 05:26:52.800	0	0	0	0	15.799	0.021	0	0	9564.0	718.0	8.0
3C 454.3	2009-06-26 12:00:00.000	0	0	0	0	15.803	0.021	0	0	8371.0	14.0	8.0
3C 454.3	2009-06-28 09:15:35.712	0	0	0	0	15.957	0.027	0	0	9350.0	60.0	8.0
3C 454.3	2009-06-29 09:40:22.656	0	0	0	0	15.807	0.01	0	0	9350.0	70.0	8.0
3C 454.3	2009-07-14 12:00:00.000	0	0	0	0	15.859	0.096	0	0	8325.0	18.0	8.0
3C 454.3	2009-07-16 07:53:20.544	0	0	0	0	15.904	0.029	0	0	9140.0	40.0	8.0
3C 454.3	2009-07-23 04:16:19.200	0	0	0	0	15.796	0.022	0	0	8571.0	0.0	8.0
3C 454.3	2009-07-27 10:05:31.200	0	0	0	0	15.723	0.023	0	0	8610.0	130.0	8.0
3C 454.3	2009-07-31 07:00:10.656	0	0	0	0	15.571	0.023	0	0	8930.0	40.0	8.0
3C 454.3	2009-08-01 07:21:39.744	0	0	0	0	15.607	0.01	0	0	9010.0	60.0	8.0
3C 454.3	2009-08-09 12:00:00.000	0	0	0	0	15.334	0.014	0	0	8005.0	16.0	8.0
3C 454.3	2009-08-13 08:33:50.112	0	0	0	0	15.196	0.019	0	0	8500.0	90.0	8.0
3C 454.3	2009-08-14 09:08:13.344	0	0	0	0	15.261	0.02	0	0	8160.0	90.0	8.0
3C 454.3	2009-08-16 06:44:09.888	0	0	0	0	15.209	0.073	0	0	8880.0	80.0	8.0
3C 454.3	2009-08-21 00:33:07.200	0	0	0	0	14.697	0.028	0	0	8311.0	32.0	8.0
3C 454.3	2009-08-24 12:00:00.000	0	0	0	0	14.162	0.047	0	0	7267.0	42.0	8.0
3C 454.3	2009-09-03 02:11:02.400	0	0	0	0	14.519	0.043	0	0	8337.0	264.0	8.0
3C 454.3	2009-09-06 06:54:50.112	0	0	0	0	14.748	0.02	0	0	8580.0	80.0	8.0
3C 454.3	2009-09-08 04:54:14.112	0	0	0	0	14.992	0.011	0	0	8790.0	50.0	8.0
3C 454.3	2009-09-09 06:08:45.312	0	0	0	0	14.602	0.01	0	0	8830.0	80.0	8.0
3C 454.3	2009-09-20 04:32:42.432	0	0	0	0	14.786	0.011	0	0	8840.0	80.0	8.0
3C 454.3	2009-09-24 12:00:00.000	0	0	0	0	14.91	0.031	0	0	7661.0	16.0	8.0
3C 454.3	2009-09-26 23:48:28.800	0	0	0	0	14.759	0.021	0	0	8063.0	102.0	8.0
3C 454.3	2009-10-06 03:25:22.368	0	0	0	0	14.504	0.093	0	0	8390.0	50.0	8.0
3C 454.3	2009-10-08 03:28:58.368	0	0	0	0	14.773	0.025	0	0	8500.0	70.0	8.0
3C 454.3	2009-10-16 12:00:00.000	0	0	0	0	14.965	0.015	0	0	7642.0	14.0	8.0
3C 454.3	2009-10-18 23:05:16.800	0	0	0	0	14.907	0.018	0	0	7946.0	196.0	8.0
3C 454.3	2009-10-27 02:11:55.968	0	0	0	0	15.13	0.044	0	0	8620.0	60.0	8.0
3C 454.3	2009-11-12 02:40:37.056	0	0	0	0	15.029	0.033	0	0	8540.0	70.0	8.0
3C 454.3	2009-11-28 05:48:03.744	0	0	0	0	14.162	0.033	0	0	8750.0	70.0	8.0
3C 454.3	2009-12-18 23:08:13.056	0	0	0	0	14.247	0.015	0	0	9280.0	80.0	8.0
3C 454.3	2010-01-11 16:06:14.400	0	0	0	0	14.498	0.012	0	0	9249.0	286.0	8.0
3C 454.3	2010-01-12 20:15:36.288	0	0	0	0	14.498	0.012	0	0	9230.0	70.0	8.0
3C 454.3	2010-01-13 22:15:32.544	0	0	0	0	14.689	0.024	0	0	9370.0	260.0	8.0
3C 454.3	2010-01-15 22:03:00.000	0	0	0	0	14.689	0.024	0	0	9750.0	90.0	8.0
3C 454.3	2010-02-04 19:37:44.832	0	0	0	0	14.952	0.03	0	0	11080.0	170.0	8.0
